metric	k	step	|A|	|B|	mean_sample_size_A	mean_sample_size_B	true_sim	mean_est	mse
jaccard	0	0	100000	100000	577.992000	578.058000	0.500004	0.500667	3.487678e-04
jaccard	0	1	200000	200000	774.088000	773.692000	0.499998	0.500565	2.952803e-04
jaccard	0	2	400000	400000	1064.414000	1064.834000	0.500001	0.500812	2.064308e-04
jaccard	0	3	800000	800000	1455.662000	1455.674000	0.500000	0.499622	1.410045e-04
jaccard	0	4	1600000	1600000	1967.824000	1968.248000	0.500000	0.501231	1.018105e-04
jaccard	0	5	3200000	3200000	2745.648000	2746.402000	0.500000	0.500793	8.238963e-05
jaccard	0	6	6400000	6400000	3651.922000	3651.408000	0.500000	0.500484	6.675531e-05
jaccard	0	7	12800000	12800000	5208.112000	5208.226000	0.500000	0.500427	4.355865e-05
jaccard	0	8	25600000	25600000	6807.296000	6804.650000	0.500000	0.500114	2.865180e-05
jaccard	0	9	51200000	51200000	9611.196000	9610.524000	0.500000	0.500367	2.418566e-05
