metric	k	step	|A|	|B|	mean_sample_size_A	mean_sample_size_B	true_sim	mean_est	mse
jaccard	1000	0	100000	100000	1000.000000	1000.000000	0.500004	0.492862	2.696636e-04
jaccard	1000	1	200000	200000	1000.000000	1000.000000	0.499998	0.492715	2.522644e-04
jaccard	1000	2	400000	400000	1000.000000	1000.000000	0.500001	0.492630	2.579549e-04
jaccard	1000	3	800000	800000	1000.000000	1000.000000	0.500000	0.493218	2.308737e-04
jaccard	1000	4	1600000	1600000	1000.000000	1000.000000	0.500000	0.494686	1.724993e-04
jaccard	1000	5	3200000	3200000	1000.000000	1000.000000	0.500000	0.494632	1.915108e-04
jaccard	1000	6	6400000	6400000	1000.000000	1000.000000	0.500000	0.490962	2.542653e-04
jaccard	1000	7	12800000	12800000	1000.000000	1000.000000	0.500000	0.490104	2.837086e-04
jaccard	1000	8	25600000	25600000	1000.000000	1000.000000	0.500000	0.491761	3.376505e-04
jaccard	1000	9	51200000	51200000	1000.000000	1000.000000	0.500000	0.490860	3.028959e-04
