metric	k	step	|A|	|B|	mean_sample_size_A	mean_sample_size_B	true_sim	mean_est	mse
jaccard	0	0	100000	100000	99.940000	101.160000	0.500004	0.508284	2.514936e-03
jaccard	0	1	200000	200000	202.660000	200.900000	0.499998	0.501338	8.579850e-04
jaccard	0	2	400000	400000	395.600000	395.000000	0.500001	0.498201	4.671895e-04
jaccard	0	3	800000	800000	807.520000	804.880000	0.500000	0.500085	2.197626e-04
jaccard	0	4	1600000	1600000	1604.440000	1608.520000	0.500000	0.500226	1.280659e-04
jaccard	0	5	3200000	3200000	3193.320000	3187.140000	0.500000	0.499041	5.319274e-05
jaccard	0	6	6400000	6400000	6402.800000	6393.180000	0.500000	0.499831	2.829131e-05
jaccard	0	7	12800000	12800000	12793.740000	12791.200000	0.500000	0.499467	2.068209e-05
jaccard	0	8	25600000	25600000	25601.860000	25559.080000	0.500000	0.500251	5.041876e-06
jaccard	0	9	51200000	51200000	51223.800000	51199.920000	0.500000	0.500593	3.859490e-06
