metric	k	step	|A|	|B|	mean_sample_size_A	mean_sample_size_B	true_sim	mean_est	mse
jaccard	50	0	1000	1000	261.100000	261.485000	0.300390	0.300065	5.672715e-04
jaccard	50	1	2000	2000	312.035000	311.825000	0.299968	0.301375	5.154760e-04
jaccard	50	2	4000	4000	362.355000	362.310000	0.299968	0.302299	4.802724e-04
jaccard	50	3	8000	8000	411.460000	412.700000	0.299968	0.298380	4.923089e-04
jaccard	50	4	16000	16000	462.340000	462.305000	0.300020	0.302250	4.778165e-04
jaccard	50	5	32000	32000	512.295000	512.185000	0.299994	0.301497	3.714355e-04
jaccard	50	6	64000	64000	562.950000	562.880000	0.299994	0.302322	3.377131e-04
jaccard	50	7	128000	128000	611.800000	611.975000	0.300001	0.300686	2.650494e-04
jaccard	50	8	256000	256000	662.080000	662.135000	0.300001	0.299635	2.997247e-04
jaccard	50	9	512000	512000	713.010000	712.205000	0.300001	0.300650	2.522889e-04
