set_size	mgs_sample_size_avg_k_25	mgs_sample_size_stddev_k_25	mgs_sample_size_avg_k_50	mgs_sample_size_stddev_k_50	mgs_sample_size_avg_k_100	mgs_sample_size_stddev_k_100	mgs_sample_size_avg_k_200	mgs_sample_size_stddev_k_200	mgs_sample_size_avg_k_400	mgs_sample_size_stddev_k_400	mgs_sample_size_avg_k_800	mgs_sample_size_stddev_k_800
10000	238.20	6.23	427.50	8.93	759.05	14.22	1317.20	20.33	2226.00	21.58	3656.35	26.69
20000	263.45	6.51	476.80	9.30	856.50	12.72	1520.65	20.43	2632.75	30.83	4454.10	35.16
30000	279.50	5.03	507.30	7.69	916.50	11.99	1634.10	12.34	2876.85	23.40	4944.60	31.58
40000	288.30	6.40	527.10	7.89	954.75	10.97	1709.70	12.37	3031.90	21.64	5253.45	35.16
50000	297.90	5.49	547.10	7.42	992.85	9.71	1786.05	14.37	3182.35	18.37	5562.05	33.06
60000	304.60	5.31	560.00	7.71	1018.00	9.48	1836.70	13.64	3271.15	17.45	5750.60	26.78
70000	309.75	5.86	569.15	8.81	1037.20	11.18	1874.95	14.50	3347.00	19.53	5907.50	30.09
80000	314.35	6.84	578.50	8.91	1057.40	10.73	1913.90	15.14	3427.45	18.71	6064.05	29.10
90000	318.45	7.90	587.65	9.74	1076.15	11.51	1952.55	17.02	3504.80	24.86	6220.55	34.34
100000	322.10	7.98	594.70	9.96	1093.05	12.82	1985.80	15.27	3573.90	23.57	6362.35	32.18
110000	324.95	7.64	600.75	9.17	1105.25	11.17	2011.20	12.06	3625.55	18.18	6454.90	27.31
120000	328.65	7.19	606.85	9.37	1115.90	12.20	2034.05	14.25	3666.40	17.71	6533.35	26.53
130000	331.60	7.30	611.85	9.33	1124.40	12.02	2052.85	13.34	3704.10	18.50	6610.95	28.16
140000	334.35	7.71	616.55	10.05	1133.90	12.23	2071.65	14.04	3742.90	21.28	6686.90	28.62
150000	337.05	7.65	621.80	10.84	1144.55	13.66	2090.85	14.78	3784.70	20.71	6767.65	27.48
160000	339.10	7.20	625.40	11.01	1152.90	14.04	2109.85	16.10	3822.50	21.92	6844.50	28.32
170000	341.40	7.27	631.25	12.45	1162.85	15.24	2129.25	19.04	3861.05	24.02	6921.50	26.16
180000	343.30	6.78	635.55	11.98	1171.70	14.84	2147.85	19.10	3898.55	24.37	7001.25	28.74
190000	345.55	6.58	640.20	11.47	1181.25	14.43	2166.05	18.34	3935.05	23.80	7078.75	32.69
200000	347.40	6.24	644.35	11.38	1188.60	15.16	2181.55	18.22	3969.00	21.13	7153.25	28.48
210000	349.40	5.89	648.00	10.24	1195.40	13.53	2196.05	17.03	3997.40	19.91	7208.60	23.01
220000	351.25	5.44	651.65	9.14	1201.90	12.58	2207.65	15.84	4019.70	18.27	7249.95	21.68
230000	353.30	5.69	655.60	8.96	1208.65	12.01	2218.15	15.82	4041.10	18.97	7288.75	21.21
240000	354.50	5.61	659.05	8.75	1214.70	11.93	2228.20	15.48	4059.45	19.06	7326.85	22.72
250000	355.85	5.17	662.00	8.86	1220.15	11.81	2238.40	15.44	4080.05	19.69	7367.50	24.53
260000	357.35	5.27	664.80	9.25	1225.50	12.37	2248.10	15.29	4098.40	19.46	7405.35	23.19
270000	358.70	5.14	667.45	9.43	1230.95	12.14	2258.90	15.33	4119.65	19.30	7448.00	24.23
280000	359.85	5.53	669.95	10.17	1236.05	12.46	2269.35	16.40	4139.50	19.93	7487.70	23.72
290000	361.20	5.33	672.60	9.65	1241.00	12.07	2279.50	17.50	4159.75	21.17	7525.80	24.84
300000	362.15	5.53	674.60	9.50	1245.40	11.98	2289.00	17.60	4177.55	20.87	7562.45	24.36
310000	363.35	5.37	677.15	9.55	1250.35	12.28	2299.75	17.72	4198.10	23.46	7602.85	27.15
320000	364.15	5.25	679.20	9.48	1254.70	11.94	2308.55	16.63	4215.45	22.73	7639.80	28.02
330000	365.30	5.17	681.85	9.61	1259.40	12.29	2317.45	17.39	4233.70	23.31	7677.65	27.97
340000	366.25	4.62	683.65	9.02	1264.15	13.25	2326.50	17.52	4252.15	23.29	7717.10	29.84
350000	367.60	4.27	685.85	8.44	1269.15	12.88	2336.95	18.30	4272.95	22.84	7756.70	29.27
360000	368.30	4.24	687.90	8.59	1273.30	12.39	2345.80	18.04	4292.55	22.42	7797.10	29.84
370000	369.10	4.04	689.80	8.56	1276.80	12.43	2355.10	18.88	4311.20	24.74	7837.40	32.35
380000	369.95	3.79	691.85	8.16	1281.65	12.13	2364.65	18.83	4329.90	23.78	7876.15	32.62
390000	371.00	3.92	693.60	8.16	1285.45	12.39	2372.90	18.51	4348.65	23.58	7914.50	33.92
400000	371.90	3.88	695.30	7.85	1289.50	12.16	2381.50	18.08	4365.25	22.26	7949.75	32.05
410000	372.50	3.96	696.85	6.99	1293.55	11.66	2390.30	17.27	4382.50	20.74	7980.35	26.48
420000	373.15	4.23	698.05	6.87	1297.00	11.05	2396.55	17.08	4397.45	21.32	8004.70	26.12
430000	374.10	4.61	699.40	7.03	1300.10	10.98	2402.45	15.99	4410.25	20.73	8026.65	27.24
440000	374.90	4.67	701.00	6.82	1303.30	10.33	2408.85	14.79	4422.60	19.89	8047.65	26.63
450000	376.20	5.06	703.15	6.26	1306.90	9.89	2414.85	14.51	4433.75	20.86	8068.10	26.67
460000	376.95	5.18	705.10	6.47	1310.45	9.42	2420.30	13.33	4443.45	20.59	8087.85	28.16
470000	377.50	4.97	706.55	6.48	1313.65	9.40	2426.45	13.30	4455.35	21.11	8109.25	28.10
480000	378.00	4.91	707.70	6.71	1315.80	9.39	2430.65	13.61	4463.85	20.52	8127.30	28.94
490000	378.55	4.80	708.75	6.77	1318.05	9.37	2435.35	13.73	4472.95	21.11	8146.55	27.97
500000	379.20	4.77	709.85	6.65	1320.00	9.67	2439.00	14.21	4481.05	21.43	8164.05	28.19
510000	380.05	5.03	711.50	6.94	1322.45	9.63	2443.80	14.28	4490.50	21.88	8183.75	28.22
520000	380.70	4.87	712.80	6.72	1325.05	9.32	2448.95	14.36	4500.15	21.95	8202.80	29.56
530000	381.35	4.94	714.10	6.54	1327.75	8.87	2453.55	14.37	4509.10	22.16	8220.30	30.35
540000	381.95	5.22	715.30	6.48	1330.10	8.79	2458.50	15.22	4518.15	22.59	8239.35	29.54
550000	382.85	5.37	716.65	6.97	1333.20	8.87	2464.05	15.16	4527.95	21.76	8259.30	30.20
560000	383.45	5.42	717.60	6.87	1335.20	8.88	2469.15	15.61	4537.05	21.82	8277.95	30.49
570000	383.95	5.46	718.80	7.26	1337.95	9.22	2474.65	15.82	4547.40	21.82	8298.00	31.89
580000	384.20	5.44	719.45	7.37	1339.65	9.73	2478.75	16.52	4556.35	22.93	8317.40	33.08
590000	385.00	5.40	720.70	7.56	1342.55	9.89	2484.25	16.73	4566.80	22.85	8338.00	33.99
600000	385.60	5.37	721.95	7.55	1344.85	10.13	2488.80	17.23	4576.40	23.14	8357.50	33.87
610000	386.40	5.01	723.45	7.75	1347.50	10.17	2493.65	17.46	4586.60	22.82	8376.20	34.67
620000	387.15	5.05	725.05	7.41	1350.45	10.19	2499.35	18.40	4597.15	23.20	8395.65	33.19
630000	387.70	5.00	726.05	7.51	1352.45	10.52	2503.65	19.13	4606.65	22.30	8415.20	32.48
640000	388.35	5.09	727.25	7.50	1354.95	11.09	2508.40	19.06	4617.05	21.37	8434.60	31.68
650000	388.95	4.81	728.50	7.66	1357.50	11.23	2513.35	19.37	4625.95	20.75	8452.90	31.70
660000	389.75	5.00	730.00	7.52	1360.05	10.93	2518.30	18.82	4635.75	21.73	8473.15	31.15
670000	390.45	5.00	731.25	7.28	1362.65	10.48	2523.10	18.28	4645.50	21.48	8493.40	29.89
680000	390.80	4.80	732.10	7.12	1364.30	10.62	2526.95	18.27	4654.25	21.45	8511.10	29.21
690000	391.30	4.90	733.05	6.97	1366.55	10.64	2532.45	18.66	4663.75	22.30	8530.60	29.21
700000	391.70	5.05	734.00	7.35	1368.35	10.77	2536.60	18.73	4672.00	22.47	8548.70	28.41
710000	392.40	5.05	735.40	7.35	1371.10	10.74	2541.70	18.84	4682.45	23.27	8568.35	27.37
720000	392.95	5.24	736.55	7.57	1373.60	10.42	2547.15	19.39	4692.50	22.72	8587.65	27.29
730000	393.40	5.13	737.85	7.75	1375.70	10.29	2551.55	18.85	4701.50	23.13	8605.65	28.49
740000	393.90	5.46	738.90	8.27	1378.20	10.38	2556.25	18.53	4711.70	23.91	8626.35	29.43
750000	394.20	5.51	739.90	8.25	1380.15	10.17	2559.70	18.05	4720.00	24.42	8645.40	29.14
760000	394.90	5.01	741.20	7.88	1382.35	10.15	2564.05	17.76	4729.75	24.95	8665.30	30.71
770000	395.45	5.11	742.35	8.45	1384.35	10.37	2568.30	17.75	4739.50	25.06	8685.80	30.90
780000	396.00	4.88	743.25	8.17	1386.35	10.70	2572.15	18.09	4748.10	24.83	8703.55	30.49
790000	396.55	4.91	744.10	8.35	1388.45	10.64	2576.60	17.91	4757.05	25.15	8723.25	30.97
800000	397.00	4.77	744.95	8.11	1389.95	10.15	2580.40	17.14	4765.70	24.07	8741.30	30.16
810000	397.60	5.13	746.40	8.32	1392.40	10.08	2585.30	16.43	4774.85	23.12	8758.25	25.73
820000	397.80	5.29	747.10	8.90	1393.75	10.15	2589.00	15.93	4783.00	23.77	8774.10	26.36
830000	398.00	5.27	747.70	8.81	1395.20	9.68	2592.40	14.72	4791.00	23.49	8788.90	25.49
840000	398.20	5.34	748.25	8.86	1396.95	9.71	2596.05	14.96	4797.30	23.06	8800.35	25.58
850000	398.60	5.36	749.25	8.65	1398.90	9.95	2600.20	14.27	4803.80	22.42	8812.75	24.91
860000	398.75	5.31	749.75	8.28	1399.90	9.63	2602.55	13.61	4809.30	22.17	8822.35	25.17
870000	399.00	5.58	750.35	8.57	1401.85	9.97	2605.85	13.39	4816.00	22.49	8832.50	25.39
880000	399.25	5.37	750.80	8.39	1403.00	9.99	2608.00	13.48	4820.75	21.87	8841.50	24.75
890000	399.60	5.28	751.35	8.20	1404.50	9.90	2610.70	13.38	4826.00	21.46	8852.05	24.24
900000	400.05	5.36	752.45	8.29	1406.35	9.45	2613.85	12.95	4831.10	21.48	8861.80	24.38
910000	400.75	5.50	753.60	8.40	1407.80	9.84	2616.25	13.30	4835.35	21.98	8870.45	24.73
920000	401.35	5.59	754.45	8.53	1409.60	10.09	2619.85	13.40	4840.95	21.78	8881.05	24.52
930000	401.60	5.45	755.00	8.57	1410.75	10.34	2622.15	13.60	4845.70	21.19	8890.60	24.62
940000	402.00	5.69	755.70	8.57	1411.80	10.31	2624.35	13.45	4849.35	21.78	8899.15	25.67
950000	402.30	5.94	756.35	8.83	1412.95	10.43	2626.95	13.61	4853.50	21.46	8908.05	24.86
960000	402.80	6.05	757.20	8.82	1414.30	10.53	2629.50	14.17	4858.45	23.00	8917.25	26.55
970000	403.25	6.11	757.90	8.73	1415.40	10.54	2631.75	14.48	4863.20	23.74	8927.05	27.59
980000	403.55	6.22	758.40	8.86	1416.20	10.79	2633.80	14.98	4867.55	24.15	8935.85	27.33
990000	403.85	6.20	759.00	8.66	1417.50	10.70	2636.10	14.62	4872.30	23.37	8946.50	26.69
1000000	404.25	6.08	759.75	8.71	1418.60	10.87	2638.95	14.48	4877.80	22.32	8956.75	27.13
