set_size	as_sample_size_avg_k_70	as_sample_size_stddev_k_70	as_sample_size_avg_k_80	as_sample_size_stddev_k_80	as_sample_size_avg_k_90	as_sample_size_stddev_k_90	as_sample_size_avg_k_100	as_sample_size_stddev_k_100
10000	419.22	17.80	467.48	18.00	514.44	18.13	560.02	18.76
20000	469.26	16.61	524.89	17.63	580.87	18.98	635.25	20.23
30000	492.40	18.09	553.03	20.35	611.88	20.44	669.57	21.04
40000	514.14	17.73	578.22	19.09	638.87	21.40	699.29	23.09
50000	527.08	18.70	591.84	18.32	656.07	19.84	719.10	21.51
60000	538.34	19.52	605.72	20.73	670.21	20.63	733.55	21.60
70000	553.27	18.49	621.30	19.50	686.76	20.62	754.77	22.95
80000	563.44	19.98	633.48	20.51	701.35	21.93	768.50	22.66
90000	569.30	18.82	639.42	20.34	710.77	22.51	779.15	23.83
100000	575.57	22.35	648.64	23.28	718.44	25.31	788.23	26.29
110000	587.02	20.27	658.94	23.01	730.77	22.66	800.66	24.59
120000	589.38	21.53	663.37	22.41	734.15	23.06	804.63	26.08
130000	597.59	18.96	672.04	20.86	746.15	21.79	818.70	22.63
140000	600.81	20.71	677.70	22.30	751.92	25.41	824.57	27.68
150000	605.85	20.76	683.23	24.73	759.23	24.99	831.92	26.07
160000	611.59	19.85	688.31	22.42	765.29	21.90	841.23	24.46
170000	614.39	21.40	691.33	23.45	766.30	25.03	838.79	26.31
180000	617.96	21.17	695.84	21.87	771.70	22.49	848.63	23.96
190000	623.07	21.23	701.46	22.67	779.91	24.48	854.78	25.04
200000	629.70	21.65	708.39	24.60	785.01	24.78	861.23	25.27
210000	632.34	21.53	711.50	23.28	788.42	24.26	866.91	25.08
220000	632.05	21.23	711.32	21.93	791.00	23.89	868.51	24.16
230000	634.27	22.34	714.15	23.15	793.08	23.66	872.23	23.56
240000	638.39	23.37	718.80	23.11	797.42	24.39	876.70	26.47
250000	645.62	22.21	726.01	25.03	805.55	25.14	884.70	25.22
260000	644.81	23.00	726.00	22.99	806.84	25.02	885.83	27.09
270000	646.70	21.88	728.77	24.27	809.13	26.23	887.54	27.20
280000	647.24	22.89	729.44	25.79	810.40	26.56	888.94	27.46
290000	652.72	19.66	736.21	21.47	818.39	22.56	898.17	23.01
300000	652.95	21.62	737.55	22.06	819.83	22.82	900.98	24.79
310000	655.22	21.39	738.98	24.06	822.06	24.42	904.20	25.55
320000	658.01	22.06	742.28	22.37	825.58	23.63	906.38	25.68
330000	662.09	22.50	745.97	23.11	829.17	24.18	909.51	26.95
340000	661.46	22.72	745.60	24.71	828.79	26.28	910.76	27.00
350000	662.10	22.38	746.02	23.74	830.74	26.75	912.75	28.00
360000	666.37	20.60	751.61	22.69	837.27	23.49	918.89	25.63
370000	670.81	23.16	755.26	24.49	839.78	26.71	923.68	27.36
380000	670.41	21.66	755.82	22.44	840.53	23.86	923.72	26.18
390000	672.83	20.89	757.59	23.84	842.68	24.76	926.37	24.43
400000	677.13	25.09	761.43	24.58	845.34	25.42	929.09	26.65
410000	679.35	23.21	766.82	23.88	851.48	24.77	935.73	24.62
420000	675.02	25.72	761.77	28.02	846.24	28.84	929.18	29.66
430000	678.43	24.70	766.62	26.28	852.18	28.01	936.09	28.94
440000	682.21	23.16	769.72	23.96	855.89	26.94	940.61	28.16
450000	680.80	22.25	767.39	25.65	853.27	26.75	937.18	27.09
460000	683.15	22.44	771.11	25.47	857.43	26.32	941.10	27.39
470000	691.31	25.28	778.31	25.41	863.25	27.06	946.87	26.80
480000	682.61	21.26	770.16	20.88	856.65	23.07	940.98	24.60
490000	694.15	24.98	782.24	26.82	867.31	26.78	952.10	29.19
500000	690.63	22.04	778.98	24.24	863.75	25.11	948.80	26.28
510000	691.97	22.79	780.59	24.50	869.12	24.17	953.11	26.61
520000	695.93	22.49	784.82	24.45	873.08	25.59	958.11	26.41
530000	696.49	21.95	786.98	23.41	874.20	24.64	958.65	23.88
540000	698.47	26.06	788.54	26.24	876.71	28.67	963.14	32.00
550000	694.65	23.01	783.61	24.43	871.05	25.08	957.74	25.84
560000	703.50	24.59	792.47	25.34	880.52	26.73	966.55	27.29
570000	699.40	22.41	787.77	23.17	876.61	25.18	964.12	28.22
580000	703.80	22.80	795.03	23.98	883.83	25.15	970.90	27.67
590000	699.43	22.88	792.73	23.63	879.91	24.17	966.74	24.31
600000	701.52	24.78	793.19	25.67	882.46	29.05	968.73	28.92
610000	703.19	24.68	793.05	27.01	882.47	27.66	970.44	29.90
620000	705.11	25.37	795.22	26.12	883.69	26.84	972.26	27.21
630000	706.25	23.78	796.32	25.35	884.84	26.51	974.40	29.04
640000	708.74	25.29	799.23	26.55	888.00	28.07	974.91	29.05
650000	709.32	23.42	799.60	25.30	889.27	27.52	978.97	28.46
660000	708.66	23.46	800.07	24.61	890.13	26.02	978.04	25.92
670000	712.14	25.11	803.08	24.96	892.91	26.76	980.14	27.14
680000	709.56	25.25	800.03	25.74	890.27	27.45	980.83	28.60
690000	713.69	23.93	804.41	25.38	896.13	25.67	984.09	25.68
700000	713.50	24.44	803.78	26.31	893.77	26.25	982.88	27.56
710000	715.02	22.86	806.05	26.24	897.45	26.48	986.12	28.19
720000	717.04	24.83	810.97	26.05	902.71	27.31	993.19	30.03
730000	714.04	24.24	805.79	24.56	896.15	25.35	983.71	25.42
740000	713.35	22.39	803.97	25.33	893.96	25.84	983.64	26.49
750000	718.00	21.77	809.05	22.62	899.62	23.91	989.49	26.43
760000	722.19	24.50	815.67	25.57	905.35	27.90	995.48	27.92
770000	721.33	22.27	814.15	23.97	905.60	25.38	994.86	26.51
780000	725.95	23.29	817.53	25.40	908.94	27.10	997.89	28.04
790000	719.69	24.65	812.17	25.56	904.06	28.68	994.37	31.03
800000	723.85	25.44	815.82	27.44	906.54	28.23	999.02	30.33
810000	725.37	24.94	818.23	26.12	908.94	27.59	1000.50	26.95
820000	725.43	24.90	817.40	26.14	909.28	27.39	1000.11	30.12
830000	726.51	23.81	818.67	24.74	909.86	27.50	999.51	28.94
840000	723.89	26.32	818.36	28.01	909.66	29.25	999.26	30.65
850000	725.71	24.47	820.11	25.09	912.07	25.36	1003.45	25.74
860000	727.38	23.97	820.09	24.96	912.04	25.82	1005.04	28.51
870000	726.87	24.43	820.22	24.31	911.83	26.26	1003.11	27.67
880000	728.76	24.97	822.81	27.55	916.04	28.43	1008.04	28.30
890000	731.58	26.10	826.00	28.42	918.92	29.60	1009.60	28.52
900000	734.51	24.39	829.34	25.96	921.31	28.54	1011.72	31.52
910000	728.23	23.03	822.72	24.80	916.13	26.95	1005.94	27.90
920000	734.89	22.97	828.40	23.49	920.61	25.61	1009.57	26.69
930000	736.23	24.72	829.65	26.85	924.05	29.16	1015.58	29.73
940000	735.58	24.41	830.45	24.85	925.31	25.69	1016.57	26.88
950000	735.98	23.49	829.84	25.47	922.89	26.15	1014.74	27.60
960000	734.53	22.77	830.07	24.72	923.60	25.02	1016.79	26.89
970000	736.90	25.76	831.57	26.33	925.83	27.49	1018.41	28.05
980000	737.01	24.16	831.09	26.08	923.54	28.71	1016.04	30.70
990000	740.98	25.68	836.15	27.18	928.11	28.43	1021.47	29.20
1000000	735.31	23.74	828.36	26.23	922.12	28.33	1014.75	29.95
