k	True_Jaccard	Estimated_Jaccard
50	0.8194719892287258	0.8215613382899628
100	0.8194719892287258	0.8178137651821862
200	0.8194719892287258	0.8182825484764543
400	0.8194719892287258	0.818407960199005
50	0.19799216513124004	0.21269296740994853
100	0.19799216513124004	0.19457436856875585
200	0.19799216513124004	0.19668737060041408
400	0.19799216513124004	0.1955890887986071
50	0.9988806268489646	1.0
100	0.9988806268489646	1.0
200	0.9988806268489646	1.0
400	0.9988806268489646	1.0
50	0.6662778684973506	0.6763110307414105
100	0.6662778684973506	0.6766169154228856
200	0.6662778684973506	0.6731301939058172
400	0.6662778684973506	0.6624341901517498
50	0.2324377618930244	0.2402044293015332
100	0.2324377618930244	0.24720149253731344
200	0.2324377618930244	0.2334732423924449
400	0.2324377618930244	0.23141452126120915
