set_size	amgs_sample_size_avg_alpha_0.25	amgs_sample_size_stddev_alpha_0.25	amgs_sample_size_avg_alpha_0.3	amgs_sample_size_stddev_alpha_0.3	amgs_sample_size_avg_alpha_0.4	amgs_sample_size_stddev_alpha_0.4	amgs_sample_size_avg_alpha_0.5	amgs_sample_size_stddev_alpha_0.5
10000	56.25	3.97	74.80	4.97	144.65	7.56	285.05	14.22
20000	69.70	4.43	95.00	5.27	187.75	9.28	410.60	9.30
30000	76.15	2.65	105.80	4.88	229.05	8.30	491.05	13.39
40000	80.30	6.59	113.30	7.76	251.25	9.24	561.60	20.58
50000	84.85	4.50	122.30	5.41	270.80	7.56	642.90	18.26
60000	89.50	3.79	129.75	5.10	287.40	10.08	724.85	17.50
70000	95.25	3.63	139.05	4.53	311.25	11.11	784.00	14.49
80000	95.75	4.54	140.65	5.53	328.05	12.40	819.40	19.28
90000	97.75	4.69	144.75	7.28	350.20	13.07	861.60	15.56
100000	102.55	4.19	151.60	5.09	364.40	10.52	900.35	21.96
110000	104.75	5.69	157.05	9.53	383.30	10.56	935.90	12.84
120000	106.00	4.81	158.65	7.91	389.20	9.19	969.10	24.37
130000	107.25	4.92	163.70	5.65	399.35	10.28	1012.75	23.88
140000	110.70	5.45	167.80	8.05	410.45	11.00	1049.90	19.65
150000	113.15	5.51	173.00	6.96	424.05	12.76	1081.45	24.81
160000	116.20	5.19	176.85	6.71	437.10	16.21	1138.05	25.19
170000	118.45	4.67	180.30	5.22	441.55	12.47	1168.50	27.46
180000	120.00	5.39	182.80	6.75	454.00	11.37	1216.90	34.08
190000	120.60	6.80	183.45	8.30	459.10	13.97	1240.20	31.84
200000	122.40	4.77	188.85	6.36	474.45	16.84	1286.90	34.46
210000	124.70	6.35	189.70	8.91	480.85	15.14	1325.40	24.86
220000	125.20	5.81	191.70	7.90	491.15	14.54	1369.10	19.13
230000	125.25	5.34	192.90	7.32	500.90	14.12	1407.75	30.51
240000	129.25	4.19	199.10	6.22	513.55	15.55	1450.15	32.13
250000	127.00	5.52	197.55	7.24	518.40	18.32	1485.80	26.90
260000	130.80	6.82	204.30	10.55	532.65	11.49	1514.30	28.52
270000	133.25	5.29	204.25	6.77	541.10	13.40	1546.85	21.15
280000	132.30	5.49	205.70	7.09	546.30	21.03	1567.25	33.86
290000	136.15	4.90	213.35	6.33	566.45	17.24	1594.30	26.60
300000	135.65	4.53	213.05	9.35	567.65	17.47	1608.05	19.62
310000	134.10	4.94	211.30	7.73	571.80	14.22	1621.05	24.95
320000	136.85	5.32	214.75	8.34	586.00	14.10	1645.95	16.35
330000	141.55	6.04	221.55	8.26	596.60	10.92	1669.00	26.41
340000	140.75	6.05	221.40	7.14	602.95	11.43	1692.55	25.45
350000	144.35	5.39	225.45	7.97	608.50	12.34	1706.95	20.29
360000	141.65	4.61	225.05	7.22	606.55	16.60	1722.55	29.43
370000	142.60	5.12	226.40	5.69	619.05	12.13	1742.20	23.40
380000	143.30	5.79	228.45	9.74	620.40	17.03	1754.35	34.27
390000	145.00	3.81	231.15	7.34	627.45	15.43	1783.10	25.25
400000	145.00	4.89	230.75	6.86	631.35	13.67	1807.00	22.66
410000	145.15	5.99	231.15	7.79	631.65	14.14	1812.85	18.47
420000	150.05	5.04	239.35	6.68	648.70	13.25	1836.05	30.06
430000	149.65	3.37	238.25	6.03	646.50	13.50	1859.85	29.52
440000	150.40	5.28	240.55	6.45	652.00	16.79	1882.65	26.46
450000	152.65	5.78	242.80	6.38	657.30	12.12	1886.90	28.60
460000	150.55	5.16	240.65	6.07	662.60	11.50	1927.55	28.97
470000	150.80	6.81	242.15	8.27	662.60	12.52	1929.55	35.10
480000	153.30	4.26	244.80	6.20	676.20	11.21	1955.65	32.35
490000	151.00	3.91	243.20	6.73	679.45	16.24	1969.25	30.72
500000	153.90	7.53	249.05	8.33	686.95	18.14	1998.60	29.93
510000	154.75	5.30	247.70	6.76	690.45	15.54	2018.85	33.54
520000	155.20	5.51	251.75	8.61	691.40	12.33	2036.30	27.35
530000	155.10	5.45	248.25	7.35	696.50	16.09	2050.40	31.67
540000	157.95	4.73	254.80	8.95	705.10	20.04	2081.75	34.57
550000	158.20	4.03	253.40	6.73	710.15	18.92	2103.05	25.88
560000	159.10	5.27	258.20	8.80	718.30	20.40	2129.90	32.91
570000	157.90	6.36	252.90	6.77	713.10	15.62	2135.30	30.70
580000	160.75	6.50	259.00	6.60	727.90	17.37	2166.00	34.15
590000	164.85	4.29	263.50	7.61	728.20	19.94	2178.10	40.13
600000	161.65	6.10	258.55	9.12	729.40	17.50	2192.85	40.81
610000	163.70	6.54	263.65	9.36	742.55	19.86	2223.75	31.59
620000	162.45	5.74	261.80	7.37	742.35	18.86	2227.15	32.00
630000	164.35	4.95	264.05	7.95	742.75	16.74	2243.85	26.80
640000	165.20	6.66	267.65	10.10	753.30	17.56	2273.20	39.86
650000	164.45	6.14	265.75	6.42	761.15	15.63	2284.90	33.83
660000	164.75	5.48	267.60	7.72	756.65	21.27	2307.95	32.71
670000	165.85	6.46	269.25	8.95	763.65	15.87	2336.00	42.03
680000	167.10	7.54	269.65	10.39	768.40	13.76	2351.90	36.98
690000	165.15	4.95	268.60	7.63	776.45	20.46	2377.55	44.26
700000	168.60	6.94	274.80	9.16	788.45	16.91	2400.90	38.75
710000	167.70	6.55	272.50	11.59	782.90	17.88	2400.70	21.53
720000	168.65	8.14	275.00	13.70	789.45	19.33	2434.00	39.83
730000	170.55	6.67	277.85	10.42	804.85	17.27	2458.20	39.74
740000	171.30	4.88	275.00	11.02	795.10	21.62	2459.30	39.08
750000	168.25	7.94	274.05	9.54	798.60	21.98	2472.85	42.50
760000	172.50	5.04	280.70	8.75	807.80	15.18	2489.25	40.40
770000	171.35	7.24	279.25	9.24	818.40	15.96	2529.15	39.48
780000	173.70	6.21	283.35	8.61	826.30	21.53	2553.70	43.65
790000	173.20	7.13	283.15	9.58	824.15	17.32	2569.80	44.78
800000	174.45	10.74	282.95	10.95	832.10	22.23	2582.15	39.11
810000	176.15	5.95	287.40	9.45	841.50	19.87	2609.90	50.86
820000	172.95	6.13	285.15	10.45	838.05	16.57	2615.95	43.07
830000	176.90	7.01	288.85	10.21	846.50	19.36	2635.60	47.40
840000	176.25	5.67	289.05	8.99	849.25	21.37	2671.65	37.57
850000	175.35	6.73	289.00	9.61	851.95	20.54	2693.00	40.62
860000	179.95	8.45	294.20	10.11	853.40	20.83	2687.05	30.76
870000	176.95	7.15	289.95	10.22	860.95	20.36	2710.80	28.04
880000	178.90	4.45	296.05	9.16	877.05	19.96	2746.60	39.21
890000	181.10	5.79	296.90	8.79	878.60	20.65	2766.05	40.35
900000	178.25	6.19	296.50	9.11	879.65	18.57	2776.55	29.95
910000	178.60	6.41	295.30	8.42	884.10	15.32	2805.45	48.19
920000	183.90	4.89	302.45	8.90	894.65	16.09	2839.35	40.12
930000	179.25	5.58	298.55	10.37	896.50	18.08	2835.85	40.23
940000	181.45	6.95	302.45	9.76	891.90	16.47	2851.90	37.37
950000	181.90	6.98	302.30	10.90	903.50	26.48	2883.75	42.23
960000	181.10	6.53	302.65	11.20	903.05	20.79	2889.30	35.59
970000	181.75	6.17	303.60	10.18	912.60	29.78	2912.15	55.17
980000	184.10	7.21	303.65	11.19	909.30	24.57	2934.25	34.34
990000	185.90	4.23	308.80	7.36	920.50	22.38	2943.50	49.53
1000000	183.80	5.87	307.05	9.11	921.20	17.26	2959.05	42.73
