
Data size: 10000

Data size: 20000

Data size: 30000

Data size: 40000

Data size: 50000

Data size: 60000

Data size: 70000

Data size: 80000

Data size: 90000

Data size: 100000

Data size: 110000

Data size: 120000

Data size: 130000

Data size: 140000

Data size: 150000

Data size: 160000

Data size: 170000

Data size: 180000

Data size: 190000

Data size: 200000

Data size: 210000

Data size: 220000

Data size: 230000

Data size: 240000

Data size: 250000

Data size: 260000

Data size: 270000

Data size: 280000

Data size: 290000

Data size: 300000

Data size: 310000

Data size: 320000

Data size: 330000

Data size: 340000

Data size: 350000

Data size: 360000

Data size: 370000

Data size: 380000

Data size: 390000

Data size: 400000

Data size: 410000

Data size: 420000

Data size: 430000

Data size: 440000

Data size: 450000

Data size: 460000

Data size: 470000

Data size: 480000

Data size: 490000

Data size: 500000

Data size: 510000

Data size: 520000

Data size: 530000

Data size: 540000

Data size: 550000

Data size: 560000

Data size: 570000

Data size: 580000

Data size: 590000

Data size: 600000

Data size: 610000

Data size: 620000

Data size: 630000

Data size: 640000

Data size: 650000

Data size: 660000

Data size: 670000

Data size: 680000

Data size: 690000

Data size: 700000

Data size: 710000

Data size: 720000

Data size: 730000

Data size: 740000

Data size: 750000

Data size: 760000

Data size: 770000

Data size: 780000

Data size: 790000

Data size: 800000

Data size: 810000

Data size: 820000

Data size: 830000

Data size: 840000

Data size: 850000

Data size: 860000

Data size: 870000

Data size: 880000

Data size: 890000

Data size: 900000

Data size: 910000

Data size: 920000

Data size: 930000

Data size: 940000

Data size: 950000

Data size: 960000

Data size: 970000

Data size: 980000

Data size: 990000

Data size: 1000000

Data Size	Avg FMH Sketch Size	Stddev FMH Sketch Size	Avg MaxGeom Sample Size	Stddev MaxGeom Sample Size
10000	102.55	12.13	759.05	14.22
20000	203.30	15.95	856.50	12.72
30000	303.20	17.08	916.50	11.99
40000	401.10	16.84	954.75	10.97
50000	503.30	19.83	992.85	9.71
60000	605.95	21.82	1018.00	9.48
70000	703.55	25.55	1037.20	11.18
80000	806.25	25.24	1057.40	10.73
90000	906.30	30.77	1076.15	11.51
100000	1001.25	31.83	1093.05	12.82
110000	1097.95	32.32	1105.25	11.17
120000	1198.30	31.06	1115.90	12.20
130000	1296.80	33.06	1124.40	12.02
140000	1395.20	33.30	1133.90	12.23
150000	1497.05	30.37	1144.55	13.66
160000	1596.60	29.96	1152.90	14.04
170000	1696.25	29.03	1162.85	15.24
180000	1795.90	30.83	1171.70	14.84
190000	1895.35	36.02	1181.25	14.43
200000	1998.30	38.39	1188.60	15.16
210000	2100.05	40.43	1195.40	13.53
220000	2199.70	40.11	1201.90	12.58
230000	2299.80	41.71	1208.65	12.01
240000	2399.60	44.48	1214.70	11.93
250000	2503.35	44.87	1220.15	11.81
260000	2601.50	48.46	1225.50	12.37
270000	2703.85	50.95	1230.95	12.14
280000	2804.20	51.09	1236.05	12.46
290000	2903.30	48.54	1241.00	12.07
300000	3000.20	50.35	1245.40	11.98
310000	3100.90	50.94	1250.35	12.28
320000	3196.90	53.09	1254.70	11.94
330000	3295.85	53.26	1259.40	12.29
340000	3396.10	52.90	1264.15	13.25
350000	3494.70	57.73	1269.15	12.88
360000	3597.70	60.82	1273.30	12.39
370000	3701.15	63.34	1276.80	12.43
380000	3800.45	63.61	1281.65	12.13
390000	3901.00	64.06	1285.45	12.39
400000	4000.70	65.87	1289.50	12.16
410000	4101.50	64.91	1293.55	11.66
420000	4199.15	68.50	1297.00	11.05
430000	4298.60	66.51	1300.10	10.98
440000	4395.00	65.43	1303.30	10.33
450000	4494.75	67.00	1306.90	9.89
460000	4596.60	63.40	1310.45	9.42
470000	4699.50	63.05	1313.65	9.40
480000	4799.15	60.81	1315.80	9.39
490000	4898.45	60.64	1318.05	9.37
500000	4996.40	59.89	1320.00	9.67
510000	5097.25	58.31	1322.45	9.63
520000	5197.40	61.69	1325.05	9.32
530000	5297.30	65.68	1327.75	8.87
540000	5398.55	66.72	1330.10	8.79
550000	5501.90	69.12	1333.20	8.87
560000	5597.70	71.65	1335.20	8.88
570000	5696.65	72.19	1337.95	9.22
580000	5796.55	73.87	1339.65	9.73
590000	5895.45	74.07	1342.55	9.89
600000	6000.30	77.47	1344.85	10.13
610000	6098.15	75.62	1347.50	10.17
620000	6196.60	77.26	1350.45	10.19
630000	6296.05	78.97	1352.45	10.52
640000	6396.00	81.40	1354.95	11.09
650000	6495.55	80.06	1357.50	11.23
660000	6596.35	83.16	1360.05	10.93
670000	6697.20	83.44	1362.65	10.48
680000	6794.75	82.54	1364.30	10.62
690000	6895.05	84.69	1366.55	10.64
700000	6993.80	86.15	1368.35	10.77
710000	7091.95	86.09	1371.10	10.74
720000	7192.65	91.03	1373.60	10.42
730000	7290.75	87.86	1375.70	10.29
740000	7394.05	87.72	1378.20	10.38
750000	7490.90	85.13	1380.15	10.17
760000	7592.25	86.20	1382.35	10.15
770000	7694.45	88.07	1384.35	10.37
780000	7794.05	91.27	1386.35	10.70
790000	7896.00	89.21	1388.45	10.64
800000	7995.00	93.32	1389.95	10.15
810000	8092.40	93.62	1392.40	10.08
820000	8190.40	93.74	1393.75	10.15
830000	8289.25	94.92	1395.20	9.68
840000	8387.65	92.98	1396.95	9.71
850000	8488.10	91.72	1398.90	9.95
860000	8586.40	95.58	1399.90	9.63
870000	8686.10	92.43	1401.85	9.97
880000	8785.50	88.56	1403.00	9.99
890000	8886.50	91.31	1404.50	9.90
900000	8983.00	93.35	1406.35	9.45
910000	9077.70	90.92	1407.80	9.84
920000	9181.45	89.94	1409.60	10.09
930000	9279.75	89.17	1410.75	10.34
940000	9379.75	91.36	1411.80	10.31
950000	9478.95	90.13	1412.95	10.43
960000	9575.55	93.69	1414.30	10.53
970000	9675.75	95.85	1415.40	10.54
980000	9776.55	97.60	1416.20	10.79
990000	9877.85	95.63	1417.50	10.70
1000000	9978.80	95.81	1418.60	10.87
